054444444444444444455000000000
543333333344455444455000001000
443332333334555545550011111110
443333333334555555000111111000
444323233344550555001112211010
544433333344555555011112210011
544444443444444555011111100011
544445544455444555501111000011
544445555555555555500000000111
555455555555550055555000001112
000555550550555555555550001111
010055550555055555554455011011
111000000000055555544455000011
111000500000055454444455500011
111000550000054444333455555000
110000000105544333333344545005
000000000055432222223334455555
000000000054332221223333345555
055500055543332211123334344554
555500055544321111112333345555
550000005543321111012333345554
000000555543221111111223345554
111000555543332111100122344444
221100555544332222110112233333
222110555554433322211011223344
222111005555444432211112233444
222111005544433332211122334444
211100055544433222211223344444
211005555444333222222233334444
100555555443322212222222234455